$ 1 0.000005 13.097415321081861 50 5 43
165 304 288 384 288 6 11.999988000012001
w 432 320 432 256 0
w 432 256 368 256 0
g 400 448 400 480 0
R 368 256 368 208 0 0 40 12 0 0 0.5
c 368 448 368 480 0 1e-8 7.999999999999998
g 368 480 368 512 0
w 304 384 304 416 0
c 304 416 304 496 0 3.9000000000000005e-8 5.607910892071629
g 304 496 304 528 0
r 256 368 256 320 0 100990
r 256 320 256 272 0 3560
w 256 320 304 320 0
w 304 384 256 384 0
w 256 384 256 368 0
w 256 272 256 256 0
w 256 256 368 256 0
w 432 352 480 352 0
r 480 352 480 400 0 1000000
g 480 400 480 432 0
403 -144 304 192 480 0 13_64_0_4099_10_0.00009765625_0_2_13_3
w 480 352 480 144 0
r 480 144 480 96 0 100
f 480 96 544 96 32 1.5 0.02
g 544 112 544 128 0
f 480 32 544 32 32 1.5 0.02
w 544 80 544 48 0
w 544 16 544 -16 0
r 544 -16 544 -64 0 100
R 544 -64 544 -112 0 0 40 12 0 0 0.5
r 480 32 416 32 0 100
r 416 32 416 96 0 1000000
g 416 96 416 112 0
w 416 32 336 32 0
f 736 0 800 0 32 1.5 0.02
s 288 32 336 32 0 0 false
w 288 -80 288 32 0
w 336 0 336 32 0
g 672 64 672 80 0
r 672 0 672 64 0 1000000
r 736 0 672 0 0 100
R 288 -80 288 -128 0 0 40 12 0 0 0.5
R 800 -64 800 -112 0 0 40 12 0 0 0.5
r 800 -16 800 -64 0 100
g 800 16 800 48 0
w 336 0 672 0 0
f 928 -16 992 -16 32 1.5 0.02
g 992 0 992 32 0
r 992 -32 992 -80 0 100
R 992 -80 992 -128 0 0 40 12 0 0 0.5
w 800 -16 928 -16 0
403 608 -128 736 -64 0 28_64_0_4099_20_0.2_0_2_28_3
403 832 -128 960 -64 0 43_64_0_4099_20_0.2_0_2_43_3
403 1040 -112 1168 -48 0 48_64_0_4099_0.0000762939453125_0.00009765625_0_2_48_3
o 17 64 0 4099 20 0.00009765625 0 2 17 3
38 11 0 1000 5000 Resistance
38 10 0 1000 10000000 Resistance
